1612047649.988850,eth0,0.00,0.00,0.00,0,0,0.00,0.00,0.00,0,0,0.00,0.00,0,0
1612047649.988881,s3-eth1,0.00,0.00,0.00,0,0,0.00,0.00,0.00,0,0,0.00,0.00,0,0
1612047649.988892,s1-eth1,0.00,0.00,0.00,0,0,0.00,0.00,0.00,0,0,0.00,0.00,0,0
1612047649.988903,s3-eth2,0.00,0.00,0.00,0,0,0.00,0.00,0.00,0,0,0.00,0.00,0,0
1612047649.988912,s1-eth2,0.00,0.00,0.00,0,0,0.00,0.00,0.00,0,0,0.00,0.00,0,0
1612047649.988937,s2-eth1,0.00,0.00,0.00,0,0,0.00,0.00,0.00,0,0,0.00,0.00,0,0
1612047649.988947,lo,0.00,0.00,0.00,0,0,0.00,0.00,0.00,0,0,0.00,0.00,0,0
1612047649.988961,s2-eth2,0.00,0.00,0.00,0,0,0.00,0.00,0.00,0,0,0.00,0.00,0,0
1612047649.988973,total,0.00,0.00,0.00,0,0,0.00,0.00,0.00,0,0,0.00,0.00,0,0
1612047650.989367,eth0,0.00,0.00,0.00,0,0,0.00,0.00,0.00,0,0,0.00,0.00,0,0
1612047650.989409,s3-eth1,5373033.00,40244.00,5413277.00,40244,5373033,663.00,586.00,1249.00,586,663,0.00,0.00,0,0
1612047650.989421,s1-eth1,5375485.00,39204.00,5414689.00,39204,5375485,638.00,594.00,1232.00,594,638,0.00,0.00,0,0
1612047650.989433,s3-eth2,39980.00,5348532.00,5388512.00,5348532,39980,576.00,674.00,1250.00,674,576,0.00,0.00,0,0
1612047650.989444,s1-eth2,39566.00,5375269.00,5414835.00,5375269,39566,588.00,647.00,1235.00,647,588,0.00,0.00,0,0
1612047650.989470,s2-eth1,5375269.00,39566.00,5414835.00,39566,5375269,647.00,588.00,1235.00,588,647,0.00,0.00,0,0
1612047650.989482,lo,21892.00,21892.00,43784.00,21892,21892,126.00,126.00,252.00,126,126,0.00,0.00,0,0
1612047650.989495,s2-eth2,40244.00,5373033.00,5413277.00,5373033,40244,586.00,663.00,1249.00,663,586,0.00,0.00,0,0
1612047650.989508,total,16265469.00,16237740.00,32503208.00,16237740,16265469,3824.00,3878.00,7702.00,3878,3824,0.00,0.00,0,0
1612047651.990024,eth0,0.00,0.00,0.00,0,0,0.00,0.00,0.00,0,0,0.00,0.00,0,0
1612047651.990051,s3-eth1,4762217.00,74616.00,4836833.00,74616,4762217,1113.00,1123.00,2236.00,1123,1113,0.00,0.00,0,0
1612047651.990065,s1-eth1,4749066.00,72996.00,4822062.00,72996,4749066,1129.00,1106.00,2235.00,1106,1129,0.00,0.00,0,0
1612047651.990077,s3-eth2,75279.00,4755630.00,4830909.00,4755630,75279,1131.00,1103.00,2234.00,1103,1131,0.00,0.00,0,0
1612047651.990089,s1-eth2,73659.00,4771766.00,4845425.00,4771766,73659,1114.00,1124.00,2238.00,1124,1114,0.00,0.00,0,0
1612047651.990119,s2-eth1,4771766.00,73659.00,4845425.00,73659,4771766,1124.00,1114.00,2238.00,1114,1124,0.00,0.00,0,0
1612047651.990132,lo,4716.00,4716.00,9432.00,4716,4716,24.00,24.00,48.00,24,24,0.00,0.00,0,0
1612047651.990149,s2-eth2,74616.00,4762217.00,4836833.00,4762217,74616,1123.00,1113.00,2236.00,1113,1123,0.00,0.00,0,0
1612047651.990165,total,14511319.00,14515600.00,29026920.00,14515600,14511319,6758.00,6707.00,13465.00,6707,6758,0.00,0.00,0,0
1612047652.991004,eth0,0.00,0.00,0.00,0,0,0.00,0.00,0.00,0,0,0.00,0.00,0,0
1612047652.991026,s3-eth1,4345704.00,70092.00,4415796.00,70092,4345704,1143.00,1062.00,2205.00,1062,1143,0.00,0.00,0,0
1612047652.991039,s1-eth1,4275921.00,70092.00,4346013.00,70092,4275921,1135.00,1062.00,2197.00,1062,1135,0.00,0.00,0,0
1612047652.991051,s3-eth2,70404.00,4345590.00,4415994.00,4345590,70404,1065.00,1143.00,2208.00,1143,1065,0.00,0.00,0,0
1612047652.991063,s1-eth2,70272.00,4334168.00,4404440.00,4334168,70272,1063.00,1142.00,2205.00,1142,1063,0.00,0.00,0,0
1612047652.991090,s2-eth1,4334168.00,70272.00,4404440.00,70272,4334168,1142.00,1063.00,2205.00,1063,1142,0.00,0.00,0,0
1612047652.991101,lo,2232.00,2232.00,4464.00,2232,2232,12.00,12.00,24.00,12,12,0.00,0.00,0,0
1612047652.991128,s2-eth2,70158.00,4345704.00,4415862.00,4345704,70158,1063.00,1143.00,2206.00,1143,1063,0.00,0.00,0,0
1612047652.991140,total,13168859.00,13238150.00,26407008.00,13238150,13168859,6623.00,6627.00,13250.00,6627,6623,0.00,0.00,0,0
1612047653.993780,eth0,0.00,0.00,0.00,0,0,0.00,0.00,0.00,0,0,0.00,0.00,0,0
1612047653.993826,s3-eth1,3831107.00,64520.96,3895627.75,64650,3838769,985.03,970.06,1955.09,972,987,0.00,0.00,0,0
1612047653.993842,s1-eth1,3847123.75,63035.93,3910159.75,63162,3854818,983.03,955.09,1938.12,957,985,0.00,0.00,0,0
1612047653.993856,s3-eth2,64593.81,3836555.00,3901148.75,3844228,64723,969.06,982.04,1951.10,984,971,0.00,0.00,0,0
1612047653.993884,s1-eth2,63565.87,3819553.00,3883118.75,3827192,63693,961.08,983.03,1944.11,985,963,0.00,0.00,0,0
1612047653.993924,s2-eth1,3819553.00,63565.87,3883118.75,63693,3827192,983.03,961.08,1944.11,963,985,0.00,0.00,0,0
1612047653.993939,lo,6055.89,6055.89,12111.78,6068,6068,35.93,35.93,71.86,36,36,0.00,0.00,0,0
1612047653.993956,s2-eth2,64455.09,3831107.00,3895562.00,3838769,64584,969.06,985.03,1954.09,987,971,0.00,0.00,0,0
1612047653.993972,total,11696454.00,11684394.00,23380846.00,11707762,11719847,5886.23,5872.26,11758.48,5884,5898,0.00,0.00,0,0
1612047654.995201,eth0,0.00,0.00,0.00,0,0,0.00,0.00,0.00,0,0,0.00,0.00,0,0
1612047654.995391,s3-eth1,3295936.25,54605.39,3350541.50,54660,3299232,865.13,827.17,1692.31,828,866,0.00,0.00,0,0
1612047654.995449,s1-eth1,3269839.25,54267.73,3324107.00,54322,3273109,862.14,822.18,1684.32,823,863,0.00,0.00,0,0
1612047654.995494,s3-eth2,54671.33,3303362.75,3358034.00,3306666,54726,828.17,868.13,1696.30,869,829,0.00,0.00,0,0
1612047654.995536,s1-eth2,54337.66,3293043.00,3347380.75,3296336,54392,823.18,865.13,1688.31,866,824,0.00,0.00,0,0
1612047654.995639,s2-eth1,3297448.75,54337.66,3351786.25,54392,3300746,866.13,823.18,1689.31,824,867,0.00,0.00,0,0
1612047654.995682,lo,2805.19,2805.19,5610.39,2808,2808,25.97,25.97,51.95,26,26,0.00,0.00,0,0
1612047654.995732,s2-eth2,54605.39,3300341.75,3354947.25,3303642,54660,827.17,866.13,1693.31,867,828,0.00,0.00,0,0
1612047654.995802,total,10029644.00,10062764.00,20092408.00,10072826,10039673,5097.90,5097.90,10195.80,5103,5103,0.00,0.00,0,0
1612047656.002919,eth0,0.00,0.00,0.00,0,0,0.00,0.00,0.00,0,0,0.00,0.00,0,0
1612047656.002959,s3-eth1,2442402.75,44690.48,2487093.25,45048,2461942,788.69,676.59,1465.28,682,795,0.00,0.00,0,0
1612047656.002995,s1-eth1,2395452.25,46065.48,2441517.75,46434,2414616,773.81,697.42,1471.23,703,780,0.00,0.00,0,0
1612047656.003019,s3-eth2,44232.14,2457029.75,2501261.75,2476686,44586,669.64,792.66,1462.30,799,675,0.00,0.00,0,0
1612047656.003042,s1-eth2,45541.66,2448148.75,2493690.50,2467734,45906,689.48,788.69,1478.17,795,695,0.00,0.00,0,0
1612047656.003094,s2-eth1,2443773.75,45541.66,2489315.50,45906,2463324,787.70,689.48,1477.18,695,794,0.00,0.00,0,0
1612047656.003117,lo,0.00,0.00,0.00,0,0,0.00,0.00,0.00,0,0,0.00,0.00,0,0
1612047656.003140,s2-eth2,44690.48,2442402.75,2487093.25,2461942,45048,676.59,788.69,1465.28,795,682,0.00,0.00,0,0
1612047656.003166,total,7416093.00,7483878.50,14899972.00,7543750,7475422,4385.91,4433.53,8819.44,4469,4421,0.00,0.00,0,0
1612047657.003816,eth0,0.00,0.00,0.00,0,0,0.00,0.00,0.00,0,0,0.00,0.00,0,0
1612047657.003850,s3-eth1,3326664.00,55200.00,3381864.00,55200,3326664,907.00,833.00,1740.00,833,907,0.00,0.00,0,0
1612047657.003875,s1-eth1,3172432.00,54624.00,3227056.00,54624,3172432,894.00,826.00,1720.00,826,894,0.00,0.00,0,0
1612047657.004010,s3-eth2,55662.00,3296930.00,3352592.00,3296930,55662,840.00,897.00,1737.00,897,840,0.00,0.00,0,0
1612047657.004089,s1-eth2,54881.12,3317866.25,3372747.25,3321184,54936,828.17,909.09,1737.26,910,829,0.00,0.00,0,0
1612047657.004146,s2-eth1,3323718.25,54881.12,3378599.50,54936,3327042,910.09,828.17,1738.26,829,911,0.00,0.00,0,0
1612047657.004170,lo,2531.47,2531.47,5062.94,2534,2534,13.99,13.99,27.97,14,14,0.00,0.00,0,0
1612047657.004198,s2-eth2,55144.86,3324787.25,3379932.25,3328112,55200,832.17,906.09,1738.26,907,833,0.00,0.00,0,0
1612047657.004233,total,9984486.00,10103417.00,20087902.00,10113520,9994470,5222.78,5210.79,10433.57,5216,5228,0.00,0.00,0,0
1612047658.010004,eth0,0.00,0.00,0.00,0,0,0.00,0.00,0.00,0,0,0.00,0.00,0,0
1612047658.010043,s3-eth1,4898383.50,57846.92,4956230.50,58194,4927774,897.61,874.75,1772.37,880,903,0.00,0.00,0,0
1612047658.010069,s1-eth1,4941091.50,56487.08,4997578.50,56826,4970738,910.54,855.86,1766.40,861,916,0.00,0.00,0,0
1612047658.010095,s3-eth2,58681.91,4908525.00,4967206.50,4937976,59034,885.69,898.61,1784.29,904,891,0.00,0.00,0,0
1612047658.010118,s1-eth2,57011.93,4915984.00,4972996.00,4945480,57354,863.82,902.58,1766.40,908,869,0.00,0.00,0,0
1612047658.010173,s2-eth1,4910161.00,57011.93,4967173.00,57354,4939622,901.59,863.82,1765.41,869,907,0.00,0.00,0,0
1612047658.010212,lo,860.83,860.83,1721.67,866,866,4.97,4.97,9.94,5,5,0.00,0.00,0,0
1612047658.010239,s2-eth2,57846.92,4892560.50,4950407.50,4921916,58194,874.75,896.62,1771.37,902,880,0.00,0.00,0,0
1612047658.010266,total,14924038.00,14889276.00,29813314.00,14978612,15013582,5338.97,5297.22,10636.18,5329,5371,0.00,0.00,0,0
1612047659.010949,eth0,0.00,0.00,0.00,0,0,0.00,0.00,0.00,0,0,0.00,0.00,0,0
1612047659.010979,s3-eth1,3646710.00,60744.00,3707454.00,60744,3646710,1019.00,920.00,1939.00,920,1019,0.00,0.00,0,0
1612047659.010995,s1-eth1,3630844.00,61866.00,3692710.00,61866,3630844,998.00,937.00,1935.00,937,998,0.00,0.00,0,0
1612047659.011009,s3-eth2,60018.00,3646974.00,3706992.00,3646974,60018,909.00,1023.00,1932.00,1023,909,0.00,0.00,0,0
1612047659.011024,s1-eth2,61338.00,3646512.00,3707850.00,3646512,61338,929.00,1016.00,1945.00,1016,929,0.00,0.00,0,0
1612047659.011057,s2-eth1,3646512.00,61338.00,3707850.00,61338,3646512,1016.00,929.00,1945.00,929,1016,0.00,0.00,0,0
1612047659.011071,lo,0.00,0.00,0.00,0,0,0.00,0.00,0.00,0,0,0.00,0.00,0,0
1612047659.011094,s2-eth2,60744.00,3646710.00,3707454.00,3646710,60744,920.00,1019.00,1939.00,1019,920,0.00,0.00,0,0
1612047659.011110,total,11106166.00,11124144.00,22230310.00,11124144,11106166,5791.00,5844.00,11635.00,5844,5791,0.00,0.00,0,0
1612047660.012742,eth0,0.00,0.00,0.00,0,0,0.00,0.00,0.00,0,0,0.00,0.00,0,0
1612047660.012798,s3-eth1,3841876.25,58747.25,3900623.50,58806,3845718,874.13,890.11,1764.24,891,875,0.00,0.00,0,0
1612047660.012840,s1-eth1,3837470.75,57626.38,3895097.00,57684,3841308,873.13,873.13,1746.25,874,874,0.00,0.00,0,0
1612047660.012879,s3-eth2,59010.99,3837404.75,3896415.75,3841242,59070,894.11,872.13,1766.23,873,895,0.00,0.00,0,0
1612047660.012917,s1-eth2,58285.71,3846281.75,3904567.50,3850128,58344,883.12,875.12,1758.24,876,884,0.00,0.00,0,0
1612047660.013003,s2-eth1,3846281.75,58285.71,3904567.50,58344,3850128,875.12,883.12,1758.24,884,876,0.00,0.00,0,0
1612047660.013041,lo,0.00,0.00,0.00,0,0,0.00,0.00,0.00,0,0,0.00,0.00,0,0
1612047660.013079,s2-eth2,58747.25,3841876.25,3900623.50,3845718,58806,890.11,874.13,1764.24,875,891,0.00,0.00,0,0
1612047660.013121,total,11689994.00,11688545.00,23378540.00,11711922,11713374,5284.43,5262.48,10546.91,5273,5295,0.00,0.00,0,0
1612047661.014034,eth0,0.00,0.00,0.00,0,0,0.00,0.00,0.00,0,0,0.00,0.00,0,0
1612047661.014060,s3-eth1,2728076.00,47070.93,2775147.00,47118,2730804,765.23,712.29,1477.52,713,766,0.00,0.00,0,0
1612047661.014073,s1-eth1,2749906.25,48323.68,2798229.75,48372,2752656,767.23,731.27,1498.50,732,768,0.00,0.00,0,0
1612047661.014086,s3-eth2,46943.06,2745698.50,2792641.50,2748444,46990,710.29,769.23,1479.52,770,711,0.00,0.00,0,0
1612047661.014098,s1-eth2,47598.40,2736887.25,2784485.50,2739624,47646,720.28,767.23,1487.51,768,721,0.00,0.00,0,0
1612047661.014135,s2-eth1,2736887.25,47598.40,2784485.50,47646,2739624,767.23,720.28,1487.51,721,768,0.00,0.00,0,0
1612047661.014148,lo,0.00,0.00,0.00,0,0,0.00,0.00,0.00,0,0,0.00,0.00,0,0
1612047661.014160,s2-eth2,47070.93,2728076.00,2775147.00,2730804,47118,712.29,765.23,1477.52,766,713,0.00,0.00,0,0
1612047661.014173,total,8356481.50,8353654.50,16710136.00,8362008,8364838,4442.56,4465.53,8908.09,4470,4447,0.00,0.00,0,0
1612047662.015272,eth0,0.00,0.00,0.00,0,0,0.00,0.00,0.00,0,0,0.00,0.00,0,0
1612047662.015310,s3-eth1,4864745.50,62703.30,4927448.50,62766,4869610,986.01,950.05,1936.06,951,987,0.00,0.00,0,0
1612047662.015336,s1-eth1,4794527.50,62703.30,4857231.00,62766,4799322,974.03,950.05,1924.08,951,975,0.00,0.00,0,0
1612047662.015360,s3-eth2,62571.43,4895584.50,4958156.00,4900480,62634,948.05,993.01,1941.06,994,949,0.00,0.00,0,0
1612047662.015384,s1-eth2,62835.17,4851598.50,4914433.50,4856450,62898,952.05,984.02,1936.06,985,953,0.00,0.00,0,0
1612047662.015439,s2-eth1,4851598.50,62835.17,4914433.50,62898,4856450,984.02,952.05,1936.06,953,985,0.00,0.00,0,0
1612047662.015463,lo,1350.65,1350.65,2701.30,1352,1352,11.99,11.99,23.98,12,12,0.00,0.00,0,0
1612047662.015491,s2-eth2,62703.30,4864745.50,4927448.50,4869610,62766,950.05,986.01,1936.06,987,951,0.00,0.00,0,0
1612047662.015533,total,14700332.00,14801521.00,29501852.00,14816322,14715032,5806.19,5827.17,11633.37,5833,5812,0.00,0.00,0,0
1612047663.016247,eth0,0.00,0.00,0.00,0,0,0.00,0.00,0.00,0,0,0.00,0.00,0,0
1612047663.016274,s3-eth1,4215522.00,66800.00,4282322.00,66800,4215522,1059.00,1012.00,2071.00,1012,1059,0.00,0.00,0,0
1612047663.016291,s1-eth1,4151872.00,66730.00,4218602.00,66730,4151872,1038.00,1011.00,2049.00,1011,1038,0.00,0.00,0,0
1612047663.016307,s3-eth2,66866.00,4214070.00,4280936.00,4214070,66866,1013.00,1059.00,2072.00,1059,1013,0.00,0.00,0,0
1612047663.016332,s1-eth2,66532.00,4205122.00,4271654.00,4205122,66532,1008.00,1055.00,2063.00,1055,1008,0.00,0.00,0,0
1612047663.016367,s2-eth1,4205122.00,66532.00,4271654.00,66532,4205122,1055.00,1008.00,2063.00,1008,1055,0.00,0.00,0,0
1612047663.016383,lo,2028.00,2028.00,4056.00,2028,2028,18.00,18.00,36.00,18,18,0.00,0.00,0,0
1612047663.016403,s2-eth2,66800.00,4215522.00,4282322.00,4215522,66800,1012.00,1059.00,2071.00,1059,1012,0.00,0.00,0,0
1612047663.016418,total,12774742.00,12836804.00,25611546.00,12836804,12774742,6203.00,6222.00,12425.00,6222,6203,0.00,0.00,0,0
1612047664.018070,eth0,0.00,0.00,0.00,0,0,0.00,0.00,0.00,0,0,0.00,0.00,0,0
1612047664.018132,s3-eth1,2520144.00,38311.69,2558455.50,38350,2522664,639.36,580.42,1219.78,581,640,0.00,0.00,0,0
1612047664.018179,s1-eth1,2552092.00,37450.55,2589542.50,37488,2554644,597.40,567.43,1164.84,568,598,0.00,0.00,0,0
1612047664.018222,s3-eth2,38641.36,2517976.00,2556617.50,2520494,38680,585.41,650.35,1235.76,651,586,0.00,0.00,0,0
1612047664.018264,s1-eth2,38113.89,2534477.50,2572591.50,2537012,38152,577.42,637.36,1214.79,638,578,0.00,0.00,0,0
1612047664.018360,s2-eth1,2534477.50,38179.82,2572657.50,38218,2537012,637.36,578.42,1215.78,579,638,0.00,0.00,0,0
1612047664.018403,lo,674.65,674.65,1349.30,676,676,5.99,5.99,11.98,6,6,0.00,0.00,0,0
1612047664.018451,s2-eth2,38405.19,2517628.75,2556034.00,2522664,38482,581.84,638.72,1220.56,640,583,0.00,0.00,0,0
1612047664.018498,total,7714880.50,7679543.00,15394424.00,7694902,7730310,3621.76,3655.69,7277.45,3663,3629,0.00,0.00,0,0
1612047665.018625,eth0,0.00,0.00,0.00,0,0,0.00,0.00,0.00,0,0,0.00,0.00,0,0
1612047665.018647,s3-eth1,4398166.00,74232.00,4472398.00,74232,4398166,1170.00,1123.00,2293.00,1123,1170,0.00,0.00,0,0
1612047665.018668,s1-eth1,4356824.00,74778.00,4431602.00,74778,4356824,1222.00,1133.00,2355.00,1133,1222,0.00,0.00,0,0
1612047665.018680,s3-eth2,74148.00,4344208.00,4418356.00,4344208,74148,1120.00,1144.00,2264.00,1144,1120,0.00,0.00,0,0
1612047665.018692,s1-eth2,74496.00,4398808.00,4473304.00,4398808,74496,1127.00,1178.00,2305.00,1178,1127,0.00,0.00,0,0
1612047665.018721,s2-eth1,4398808.00,74430.00,4473238.00,74430,4398808,1178.00,1126.00,2304.00,1126,1178,0.00,0.00,0,0
1612047665.018733,lo,2790.00,2790.00,5580.00,2790,2790,15.00,15.00,30.00,15,15,0.00,0.00,0,0
1612047665.018747,s2-eth2,74100.00,4398166.00,4472266.00,4398166,74100,1121.00,1170.00,2291.00,1170,1121,0.00,0.00,0,0
1612047665.018761,total,13379332.00,13367412.00,26746744.00,13367412,13379332,6953.00,6889.00,13842.00,6889,6953,0.00,0.00,0,0
1612047666.019111,eth0,0.00,0.00,0.00,0,0,0.00,0.00,0.00,0,0,0.00,0.00,0,0
1612047666.019172,s3-eth1,1901130.00,29022.00,1930152.00,29022,1901130,569.00,438.00,1007.00,438,569,0.00,0.00,0,0
1612047666.019216,s1-eth1,1893860.00,29238.00,1923098.00,29238,1893860,501.00,443.00,944.00,443,501,0.00,0.00,0,0
1612047666.019257,s3-eth2,29616.00,1908964.00,1938580.00,1908964,29616,447.00,578.00,1025.00,578,447,0.00,0.00,0,0
1612047666.019297,s1-eth2,29106.00,1905078.00,1934184.00,1905078,29106,441.00,563.00,1004.00,563,441,0.00,0.00,0,0
1612047666.019392,s2-eth1,1905078.00,29106.00,1934184.00,29106,1905078,563.00,441.00,1004.00,441,563,0.00,0.00,0,0
1612047666.019432,lo,558.00,558.00,1116.00,558,558,3.00,3.00,6.00,3,3,0.00,0.00,0,0
1612047666.019561,s2-eth2,29022.00,1901130.00,1930152.00,1901130,29022,438.00,569.00,1007.00,569,438,0.00,0.00,0,0
1612047666.019621,total,5788370.00,5803096.00,11591466.00,5803096,5788370,2962.00,3035.00,5997.00,3035,2962,0.00,0.00,0,0
1612047667.019776,eth0,0.00,0.00,0.00,0,0,0.00,0.00,0.00,0,0,0.00,0.00,0,0
1612047667.019799,s3-eth1,5267710.00,80718.00,5348428.00,80718,5267710,1183.00,1223.00,2406.00,1223,1183,0.00,0.00,0,0
1612047667.019812,s1-eth1,5250152.00,80256.00,5330408.00,80256,5250152,1268.00,1216.00,2484.00,1216,1268,0.00,0.00,0,0
1612047667.019824,s3-eth2,80124.00,5267050.00,5347174.00,5267050,80124,1214.00,1173.00,2387.00,1173,1214,0.00,0.00,0,0
1612047667.019835,s1-eth2,80388.00,5265408.00,5345796.00,5265408,80388,1218.00,1192.00,2410.00,1192,1218,0.00,0.00,0,0
1612047667.019863,s2-eth1,5265408.00,80388.00,5345796.00,80388,5265408,1192.00,1218.00,2410.00,1218,1192,0.00,0.00,0,0
1612047667.019875,lo,0.00,0.00,0.00,0,0,0.00,0.00,0.00,0,0,0.00,0.00,0,0
1612047667.019887,s2-eth2,80718.00,5267710.00,5348428.00,5267710,80718,1223.00,1183.00,2406.00,1183,1223,0.00,0.00,0,0
1612047667.019900,total,16024500.00,16041530.00,32066030.00,16041530,16024500,7298.00,7205.00,14503.00,7205,7298,0.00,0.00,0,0
1612047668.020093,eth0,0.00,0.00,0.00,0,0,0.00,0.00,0.00,0,0,0.00,0.00,0,0
1612047668.020116,s3-eth1,5546420.00,61974.00,5608394.00,61974,5546420,1018.00,939.00,1957.00,939,1018,0.00,0.00,0,0
1612047668.020130,s1-eth1,5521474.00,61908.00,5583382.00,61908,5521474,1013.00,938.00,1951.00,938,1013,0.00,0.00,0,0
1612047668.020143,s3-eth2,62040.00,5552278.00,5614318.00,5552278,62040,940.00,1019.00,1959.00,1019,940,0.00,0.00,0,0
1612047668.020154,s1-eth2,61974.00,5546420.00,5608394.00,5546420,61974,939.00,1018.00,1957.00,1018,939,0.00,0.00,0,0
1612047668.020182,s2-eth1,5546420.00,61974.00,5608394.00,61974,5546420,1018.00,939.00,1957.00,939,1018,0.00,0.00,0,0
1612047668.020194,lo,0.00,0.00,0.00,0,0,0.00,0.00,0.00,0,0,0.00,0.00,0,0
1612047668.020213,s2-eth2,61974.00,5546420.00,5608394.00,5546420,61974,939.00,1018.00,1957.00,1018,939,0.00,0.00,0,0
1612047668.020227,total,16800302.00,16830974.00,33631276.00,16830974,16800302,5867.00,5871.00,11738.00,5871,5867,0.00,0.00,0,0
1612047669.025542,eth0,0.00,0.00,0.00,0,0,0.00,0.00,0.00,0,0,0.00,0.00,0,0
1612047669.025594,s3-eth1,3608762.25,50304.48,3659066.50,50556,3626806,866.67,762.19,1628.86,766,871,0.00,0.00,0,0
1612047669.025632,s1-eth1,3671685.50,49188.06,3720873.50,49434,3690044,794.03,745.27,1539.30,749,798,0.00,0.00,0,0
1612047669.025667,s3-eth2,50829.85,3606537.25,3657367.00,3624570,51084,770.15,876.62,1646.77,881,774,0.00,0.00,0,0
1612047669.025700,s1-eth2,49713.43,3614000.00,3663713.25,3632070,49962,753.23,858.71,1611.94,863,757,0.00,0.00,0,0
1612047669.025890,s2-eth1,3614000.00,49713.43,3663713.25,49962,3632070,858.71,753.23,1611.94,757,863,0.00,0.00,0,0
1612047669.025951,lo,0.00,0.00,0.00,0,0,0.00,0.00,0.00,0,0,0.00,0.00,0,0
1612047669.025997,s2-eth2,50304.48,3608762.25,3659066.50,3626806,50556,762.19,866.67,1628.86,871,766,0.00,0.00,0,0
1612047669.026045,total,11045295.00,10978505.00,22023800.00,11033398,11100522,4804.98,4862.69,9667.66,4887,4829,0.00,0.00,0,0
1612047670.026758,eth0,0.00,0.00,0.00,0,0,0.00,0.00,0.00,0,0,0.00,0.00,0,0
1612047670.026786,s3-eth1,4641287.00,78131.87,4719418.50,78210,4645928,1194.81,1183.82,2378.62,1185,1196,0.00,0.00,0,0
1612047670.026800,s1-eth1,4652739.50,79252.75,4731992.00,79332,4657392,1258.74,1200.80,2459.54,1202,1260,0.00,0.00,0,0
1612047670.026813,s3-eth2,77538.46,4665746.50,4743285.00,4670412,77616,1174.83,1192.81,2367.63,1194,1176,0.00,0.00,0,0
1612047670.026826,s1-eth2,78725.27,4634383.50,4713109.00,4639018,78804,1192.81,1199.80,2392.61,1201,1194,0.00,0.00,0,0
1612047670.026866,s2-eth1,4639018.00,78804.00,4717822.00,78804,4639018,1201.00,1194.00,2395.00,1194,1201,0.00,0.00,0,0
1612047670.026880,lo,344.00,344.00,688.00,344,344,6.00,6.00,12.00,6,6,0.00,0.00,0,0
1612047670.026896,s2-eth2,78210.00,4645928.00,4724138.00,4645928,78210,1185.00,1196.00,2381.00,1196,1185,0.00,0.00,0,0
1612047670.026913,total,14177312.00,14192048.00,28369360.00,14192048,14177312,7218.00,7178.00,14396.00,7178,7218,0.00,0.00,0,0
1612047671.029191,eth0,0.00,0.00,0.00,0,0,0.00,0.00,0.00,0,0,0.00,0.00,0,0
1612047671.029228,s3-eth1,4291299.50,65604.79,4356904.50,65736,4299882,975.05,994.01,1969.06,996,977,0.00,0.00,0,0
1612047671.029250,s1-eth1,4295635.00,64682.64,4360317.50,64812,4304226,975.05,980.04,1955.09,982,977,0.00,0.00,0,0
1612047671.029262,s3-eth2,66131.74,4300102.00,4366233.50,4308702,66264,1002.00,977.05,1979.04,979,1004,0.00,0.00,0,0
1612047671.029274,s1-eth2,65077.85,4295700.50,4360778.50,4304292,65208,986.03,976.05,1962.08,978,988,0.00,0.00,0,0
1612047671.029301,s2-eth1,4295700.50,65077.85,4360778.50,65208,4304292,976.05,986.03,1962.08,988,978,0.00,0.00,0,0
1612047671.029313,lo,171.66,171.66,343.31,172,172,2.99,2.99,5.99,3,3,0.00,0.00,0,0
1612047671.029326,s2-eth2,65604.79,4291299.50,4356904.50,4299882,65736,994.01,975.05,1969.06,977,996,0.00,0.00,0,0
1612047671.029339,total,13079621.00,13082639.00,26162260.00,13108804,13105780,5911.18,5891.22,11802.40,5903,5923,0.00,0.00,0,0
1612047672.032109,eth0,0.00,0.00,0.00,0,0,0.00,0.00,0.00,0,0,0.00,0.00,0,0
1612047672.032143,s3-eth1,3722658.75,64880.24,3787539.00,65010,3730104,1029.94,983.03,2012.97,985,1032,0.00,0.00,0,0
1612047672.032167,s1-eth1,3685938.25,65407.19,3751345.50,65538,3693310,1020.96,991.02,2011.98,993,1023,0.00,0.00,0,0
1612047672.032186,s3-eth2,64287.43,3727125.75,3791413.25,3734580,64416,974.05,1031.94,2005.99,1034,976,0.00,0.00,0,0
1612047672.032213,s1-eth2,65407.19,3700652.75,3766060.00,3708054,65538,991.02,1024.95,2015.97,1027,993,0.00,0.00,0,0
1612047672.032255,s2-eth1,3700652.75,65407.19,3766060.00,65538,3708054,1024.95,991.02,2015.97,993,1027,0.00,0.00,0,0
1612047672.032273,lo,0.00,0.00,0.00,0,0,0.00,0.00,0.00,0,0,0.00,0.00,0,0
1612047672.032290,s2-eth2,64880.24,3722658.75,3787539.00,3730104,65010,983.03,1029.94,2012.97,1032,985,0.00,0.00,0,0
1612047672.032309,total,11303825.00,11346132.00,22649956.00,11368824,11326432,6023.95,6051.90,12075.85,6064,6036,0.00,0.00,0,0
1612047673.033102,eth0,0.00,0.00,0.00,0,0,0.00,0.00,0.00,0,0,0.00,0.00,0,0
1612047673.033134,s3-eth1,3405018.00,59928.00,3464946.00,59928,3405018,977.00,908.00,1885.00,908,977,0.00,0.00,0,0
1612047673.033154,s1-eth1,3338604.00,60522.00,3399126.00,60522,3338604,958.00,917.00,1875.00,917,958,0.00,0.00,0,0
1612047673.033171,s3-eth2,60060.00,3400608.00,3460668.00,3400608,60060,910.00,976.00,1886.00,976,910,0.00,0.00,0,0
1612047673.033187,s1-eth2,60060.00,3384416.00,3444476.00,3384416,60060,910.00,972.00,1882.00,972,910,0.00,0.00,0,0
1612047673.033227,s2-eth1,3384416.00,60060.00,3444476.00,60060,3384416,972.00,910.00,1882.00,910,972,0.00,0.00,0,0
1612047673.033245,lo,0.00,0.00,0.00,0,0,0.00,0.00,0.00,0,0,0.00,0.00,0,0
1612047673.033262,s2-eth2,59928.00,3405018.00,3464946.00,3405018,59928,908.00,977.00,1885.00,977,908,0.00,0.00,0,0
1612047673.033280,total,10308086.00,10370552.00,20678638.00,10370552,10308086,5635.00,5660.00,11295.00,5660,5635,0.00,0.00,0,0
1612047674.033656,eth0,0.00,0.00,0.00,0,0,0.00,0.00,0.00,0,0,0.00,0.00,0,0
1612047674.033693,s3-eth1,4529598.00,68310.00,4597908.00,68310,4529598,1035.00,1035.00,2070.00,1035,1035,0.00,0.00,0,0
1612047674.033711,s1-eth1,4544606.00,68244.00,4612850.00,68244,4544606,1043.00,1034.00,2077.00,1034,1043,0.00,0.00,0,0
1612047674.033727,s3-eth2,68244.00,4525122.00,4593366.00,4525122,68244,1034.00,1033.00,2067.00,1033,1034,0.00,0.00,0,0
1612047674.033742,s1-eth2,68244.00,4528084.00,4596328.00,4528084,68244,1034.00,1034.00,2068.00,1034,1034,0.00,0.00,0,0
1612047674.033781,s2-eth1,4528084.00,68244.00,4596328.00,68244,4528084,1034.00,1034.00,2068.00,1034,1034,0.00,0.00,0,0
1612047674.033796,lo,0.00,0.00,0.00,0,0,0.00,0.00,0.00,0,0,0.00,0.00,0,0
1612047674.033937,s2-eth2,68310.00,4529598.00,4597908.00,4529598,68310,1035.00,1035.00,2070.00,1035,1035,0.00,0.00,0,0
1612047674.033959,total,13807086.00,13787602.00,27594688.00,13787602,13807086,6215.00,6205.00,12420.00,6205,6215,0.00,0.00,0,0
1612047675.034213,eth0,0.00,0.00,0.00,0,0,0.00,0.00,0.00,0,0,0.00,0.00,0,0
1612047675.034241,s3-eth1,3257640.00,52536.00,3310176.00,52536,3257640,916.00,796.00,1712.00,796,916,0.00,0.00,0,0
1612047675.034259,s1-eth1,3196610.00,53064.00,3249674.00,53064,3196610,825.00,804.00,1629.00,804,825,0.00,0.00,0,0
1612047675.034289,s3-eth2,52206.00,3246518.00,3298724.00,3246518,52206,791.00,923.00,1714.00,923,791,0.00,0.00,0,0
1612047675.034306,s1-eth2,52734.00,3246514.00,3299248.00,3246514,52734,799.00,901.00,1700.00,901,799,0.00,0.00,0,0
1612047675.034344,s2-eth1,3246514.00,52734.00,3299248.00,52734,3246514,901.00,799.00,1700.00,799,901,0.00,0.00,0,0
1612047675.034361,lo,344.00,344.00,688.00,344,344,6.00,6.00,12.00,6,6,0.00,0.00,0,0
1612047675.034378,s2-eth2,52536.00,3257640.00,3310176.00,3257640,52536,796.00,916.00,1712.00,916,796,0.00,0.00,0,0
1612047675.034406,total,9858584.00,9909350.00,19767934.00,9909350,9858584,5034.00,5145.00,10179.00,5145,5034,0.00,0.00,0,0
1612047676.034976,eth0,0.00,0.00,0.00,0,0,0.00,0.00,0.00,0,0,0.00,0.00,0,0
1612047676.035005,s3-eth1,4646634.00,76692.00,4723326.00,76692,4646634,1097.00,1162.00,2259.00,1162,1097,0.00,0.00,0,0
1612047676.035019,s1-eth1,4641580.00,76164.00,4717744.00,76164,4641580,1174.00,1154.00,2328.00,1154,1174,0.00,0.00,0,0
1612047676.035032,s3-eth2,77092.00,4635706.00,4712798.00,4635706,77092,1168.00,1085.00,2253.00,1085,1168,0.00,0.00,0,0
1612047676.035043,s1-eth2,76494.00,4640186.00,4716680.00,4640186,76494,1159.00,1109.00,2268.00,1109,1159,0.00,0.00,0,0
1612047676.035073,s2-eth1,4640186.00,76494.00,4716680.00,76494,4640186,1109.00,1159.00,2268.00,1159,1109,0.00,0.00,0,0
1612047676.035085,lo,172.00,172.00,344.00,172,172,3.00,3.00,6.00,3,3,0.00,0.00,0,0
1612047676.035099,s2-eth2,76692.00,4646634.00,4723326.00,4646634,76692,1162.00,1097.00,2259.00,1097,1162,0.00,0.00,0,0
1612047676.035112,total,14158850.00,14152048.00,28310898.00,14152048,14158850,6872.00,6769.00,13641.00,6769,6872,0.00,0.00,0,0
1612047677.036236,eth0,0.00,0.00,0.00,0,0,0.00,0.00,0.00,0,0,0.00,0.00,0,0
1612047677.036258,s3-eth1,4036331.75,61252.75,4097584.50,61314,4040368,1014.99,928.07,1943.06,929,1016,0.00,0.00,0,0
1612047677.036285,s1-eth1,4000090.00,60923.08,4061013.00,60984,4004090,926.07,923.08,1849.15,924,927,0.00,0.00,0,0
1612047677.036298,s3-eth2,61252.75,4056126.00,4117378.75,4060182,61314,928.07,1029.97,1958.04,1031,929,0.00,0.00,0,0
1612047677.036310,s1-eth2,60989.01,4042843.25,4103832.25,4046886,61050,924.08,1004.00,1928.07,1005,925,0.00,0.00,0,0
1612047677.036339,s2-eth1,4042843.25,60989.01,4103832.25,61050,4046886,1004.00,924.08,1928.07,925,1005,0.00,0.00,0,0
1612047677.036362,lo,337.66,337.66,675.32,338,338,3.00,3.00,5.99,3,3,0.00,0.00,0,0
1612047677.036376,s2-eth2,61252.75,4039290.75,4100543.50,4043330,61314,928.07,1015.98,1944.06,1017,929,0.00,0.00,0,0
1612047677.036390,total,12263097.00,12321763.00,24584860.00,12334084,12275360,5728.27,5828.17,11556.44,5834,5734,0.00,0.00,0,0
1612047678.036929,eth0,0.00,0.00,0.00,0,0,0.00,0.00,0.00,0,0,0.00,0.00,0,0
1612047678.036954,s3-eth1,4886812.00,68692.00,4955504.00,68692,4886812,1116.00,982.00,2098.00,982,1116,0.00,0.00,0,0
1612047678.036967,s1-eth1,4970164.00,69022.00,5039186.00,69022,4970164,1238.00,987.00,2225.00,987,1238,0.00,0.00,0,0
1612047678.036978,s3-eth2,68626.00,4859560.00,4928186.00,4859560,68626,981.00,1098.00,2079.00,1098,981,0.00,0.00,0,0
1612047678.036990,s1-eth2,68890.00,4927624.00,4996514.00,4927624,68890,985.00,1142.00,2127.00,1142,985,0.00,0.00,0,0
1612047678.037018,s2-eth1,4927624.00,68890.00,4996514.00,68890,4927624,1142.00,985.00,2127.00,985,1142,0.00,0.00,0,0
1612047678.037030,lo,1014.00,1014.00,2028.00,1014,1014,9.00,9.00,18.00,9,9,0.00,0.00,0,0
1612047678.037043,s2-eth2,68692.00,4883850.00,4952542.00,4883850,68692,982.00,1115.00,2097.00,1115,982,0.00,0.00,0,0
1612047678.037056,total,14991822.00,14878652.00,29870474.00,14878652,14991822,6453.00,6318.00,12771.00,6318,6453,0.00,0.00,0,0
1612047679.037219,eth0,0.00,0.00,0.00,0,0,0.00,0.00,0.00,0,0,0.00,0.00,0,0
1612047679.037241,s3-eth1,2133284.00,37026.00,2170310.00,37026,2133284,642.00,561.00,1203.00,561,642,0.00,0.00,0,0
1612047679.037254,s1-eth1,2285580.00,37686.00,2323266.00,37686,2285580,602.00,571.00,1173.00,571,602,0.00,0.00,0,0
1612047679.037266,s3-eth2,36696.00,2130916.00,2167612.00,2130916,36696,556.00,650.00,1206.00,650,556,0.00,0.00,0,0
1612047679.037278,s1-eth2,37422.00,2153226.00,2190648.00,2153226,37422,567.00,637.00,1204.00,637,567,0.00,0.00,0,0
1612047679.037318,s2-eth1,2153226.00,37422.00,2190648.00,37422,2153226,637.00,567.00,1204.00,567,637,0.00,0.00,0,0
1612047679.037331,lo,0.00,0.00,0.00,0,0,0.00,0.00,0.00,0,0,0.00,0.00,0,0
1612047679.037344,s2-eth2,37026.00,2133284.00,2170310.00,2133284,37026,561.00,642.00,1203.00,642,561,0.00,0.00,0,0
1612047679.037357,total,6683234.00,6529560.00,13212794.00,6529560,6683234,3565.00,3628.00,7193.00,3628,3565,0.00,0.00,0,0
1612047680.038132,eth0,0.00,0.00,0.00,0,0,0.00,0.00,0.00,0,0,0.00,0.00,0,0
1612047680.038157,s3-eth1,4687062.00,78478.00,4765540.00,78478,4687062,1161.00,1189.00,2350.00,1189,1161,0.00,0.00,0,0
1612047680.038170,s1-eth1,4671538.00,77748.00,4749286.00,77748,4671538,1211.00,1178.00,2389.00,1178,1211,0.00,0.00,0,0
1612047680.038213,s3-eth2,78940.00,4705618.00,4784558.00,4705618,78940,1196.00,1157.00,2353.00,1157,1196,0.00,0.00,0,0
1612047680.038225,s1-eth2,78078.00,4668370.00,4746448.00,4668370,78078,1183.00,1163.00,2346.00,1163,1183,0.00,0.00,0,0
1612047680.038268,s2-eth1,4668370.00,78078.00,4746448.00,78078,4668370,1163.00,1183.00,2346.00,1183,1163,0.00,0.00,0,0
1612047680.038280,lo,1014.00,1014.00,2028.00,1014,1014,9.00,9.00,18.00,9,9,0.00,0.00,0,0
1612047680.038293,s2-eth2,78478.00,4687062.00,4765540.00,4687062,78478,1189.00,1161.00,2350.00,1161,1189,0.00,0.00,0,0
1612047680.038306,total,14263480.00,14296368.00,28559848.00,14296368,14263480,7112.00,7040.00,14152.00,7040,7112,0.00,0.00,0,0
1612047681.039028,eth0,0.00,0.00,0.00,0,0,0.00,0.00,0.00,0,0,0.00,0.00,0,0
1612047681.039053,s3-eth1,4595532.00,68754.00,4664286.00,68754,4595532,1045.00,1040.00,2085.00,1040,1045,0.00,0.00,0,0
1612047681.039080,s1-eth1,4595712.00,68640.00,4664352.00,68640,4595712,1046.00,1040.00,2086.00,1040,1046,0.00,0.00,0,0
1612047681.039092,s3-eth2,68802.00,4595352.00,4664154.00,4595352,68802,1039.00,1044.00,2083.00,1044,1039,0.00,0.00,0,0
1612047681.039104,s1-eth2,68820.00,4595712.00,4664532.00,4595712,68820,1041.00,1046.00,2087.00,1046,1041,0.00,0.00,0,0
1612047681.039133,s2-eth1,4595712.00,68820.00,4664532.00,68820,4595712,1046.00,1041.00,2087.00,1041,1046,0.00,0.00,0,0
1612047681.039145,lo,2790.00,2790.00,5580.00,2790,2790,15.00,15.00,30.00,15,15,0.00,0.00,0,0
1612047681.039159,s2-eth2,68754.00,4595532.00,4664286.00,4595532,68754,1040.00,1045.00,2085.00,1045,1040,0.00,0.00,0,0
1612047681.039172,total,13996122.00,13995600.00,27991722.00,13995600,13996122,6272.00,6271.00,12543.00,6271,6272,0.00,0.00,0,0
1612047682.044171,eth0,0.00,0.00,0.00,0,0,0.00,0.00,0.00,0,0,0.00,0.00,0,0
1612047682.044198,s3-eth1,2017132.25,31381.09,2048513.38,31538,2027218,458.71,473.63,932.34,476,461,0.00,0.00,0,0
1612047682.044212,s1-eth1,2014364.12,30081.59,2044445.75,30232,2024436,458.71,455.72,914.43,458,461,0.00,0.00,0,0
1612047682.044224,s3-eth2,31512.44,2007440.75,2038953.25,2017478,31670,475.62,464.68,940.30,467,478,0.00,0.00,0,0
1612047682.044237,s1-eth2,30676.62,2018573.12,2049249.75,2028666,30830,464.68,458.71,923.38,461,467,0.00,0.00,0,0
1612047682.044266,s2-eth1,2018573.12,30676.62,2049249.75,30830,2028666,458.71,464.68,923.38,467,461,0.00,0.00,0,0
1612047682.044279,lo,2236.82,2236.82,4473.63,2248,2248,17.91,17.91,35.82,18,18,0.00,0.00,0,0
1612047682.044294,s2-eth2,31381.09,2017132.25,2048513.38,2027218,31538,473.63,458.71,932.34,461,476,0.00,0.00,0,0
1612047682.044308,total,6145876.50,6137522.50,12283399.00,6168210,6176606,2807.96,2794.03,5601.99,2808,2822,0.00,0.00,0,0
1612047683.045709,eth0,0.00,0.00,0.00,0,0,0.00,0.00,0.00,0,0,0.00,0.00,0,0
1612047683.045731,s3-eth1,2926941.25,57626.38,2984567.50,57684,2929868,929.07,873.13,1802.20,874,930,0.00,0.00,0,0
1612047683.045745,s1-eth1,2954359.75,57428.57,3011788.25,57486,2957314,928.07,870.13,1798.20,871,929,0.00,0.00,0,0
1612047683.045771,s3-eth2,58219.78,2923454.50,2981674.50,2926378,58278,882.12,920.08,1802.20,921,883,0.00,0.00,0,0
1612047683.045783,s1-eth2,57428.57,2931346.75,2988775.25,2934278,57486,870.13,930.07,1800.20,931,871,0.00,0.00,0,0
1612047683.045811,s2-eth1,2931346.75,57428.57,2988775.25,57486,2934278,930.07,870.13,1800.20,871,931,0.00,0.00,0,0
1612047683.045829,lo,0.00,0.00,0.00,0,0,0.00,0.00,0.00,0,0,0.00,0.00,0,0
1612047683.045841,s2-eth2,57626.38,2926941.25,2984567.50,2929868,57684,873.13,929.07,1802.20,930,874,0.00,0.00,0,0
1612047683.045854,total,8985922.00,8954226.00,17940148.00,8963180,8994908,5412.59,5392.61,10805.20,5398,5418,0.00,0.00,0,0
1612047684.046521,eth0,0.00,0.00,0.00,0,0,0.00,0.00,0.00,0,0,0.00,0.00,0,0
1612047684.046555,s3-eth1,1810830.00,31878.00,1842708.00,31878,1810830,583.00,483.00,1066.00,483,583,0.00,0.00,0,0
1612047684.046570,s1-eth1,1838928.00,33858.00,1872786.00,33858,1838928,548.00,513.00,1061.00,513,548,0.00,0.00,0,0
1612047684.046583,s3-eth2,30756.00,1811358.00,1842114.00,1811358,30756,466.00,591.00,1057.00,591,466,0.00,0.00,0,0
1612047684.046595,s1-eth2,33000.00,1820702.00,1853702.00,1820702,33000,500.00,579.00,1079.00,579,500,0.00,0.00,0,0
1612047684.046624,s2-eth1,1820702.00,33000.00,1853702.00,33000,1820702,579.00,500.00,1079.00,500,579,0.00,0.00,0,0
1612047684.046636,lo,0.00,0.00,0.00,0,0,0.00,0.00,0.00,0,0,0.00,0.00,0,0
1612047684.046649,s2-eth2,31878.00,1810830.00,1842708.00,1810830,31878,483.00,583.00,1066.00,583,483,0.00,0.00,0,0
1612047684.046662,total,5566094.00,5541626.00,11107720.00,5541626,5566094,3159.00,3249.00,6408.00,3249,3159,0.00,0.00,0,0
1612047685.047105,eth0,0.00,0.00,0.00,0,0,0.00,0.00,0.00,0,0,0.00,0.00,0,0
1612047685.047157,s3-eth1,4095690.00,66636.00,4162326.00,66636,4095690,977.00,1010.00,1987.00,1010,977,0.00,0.00,0,0
1612047685.047194,s1-eth1,4082756.00,65712.00,4148468.00,65712,4082756,1022.00,996.00,2018.00,996,1022,0.00,0.00,0,0
1612047685.047228,s3-eth2,67494.00,4090752.00,4158246.00,4090752,67494,1023.00,968.00,1991.00,968,1023,0.00,0.00,0,0
1612047685.047261,s1-eth2,66174.00,4084370.00,4150544.00,4084370,66174,1003.00,981.00,1984.00,981,1003,0.00,0.00,0,0
1612047685.047339,s2-eth1,4084370.00,66174.00,4150544.00,66174,4084370,981.00,1003.00,1984.00,1003,981,0.00,0.00,0,0
1612047685.047373,lo,1398.00,1398.00,2796.00,1398,1398,15.00,15.00,30.00,15,15,0.00,0.00,0,0
1612047685.047412,s2-eth2,66636.00,4095690.00,4162326.00,4095690,66636,1010.00,977.00,1987.00,977,1010,0.00,0.00,0,0
1612047685.047449,total,12464518.00,12470732.00,24935250.00,12470732,12464518,6031.00,5950.00,11981.00,5950,6031,0.00,0.00,0,0
1612047686.048361,eth0,0.00,0.00,0.00,0,0,0.00,0.00,0.00,0,0,0.00,0.00,0,0
1612047686.048433,s3-eth1,4480529.50,78131.87,4558661.50,78210,4485010,1235.76,1183.82,2419.58,1185,1237,0.00,0.00,0,0
1612047686.048447,s1-eth1,4446773.50,78197.80,4524971.00,78276,4451220,1228.77,1184.82,2413.59,1186,1230,0.00,0.00,0,0
1612047686.048460,s3-eth2,77736.27,4508475.50,4586212.00,4512984,77814,1177.82,1242.76,2420.58,1244,1179,0.00,0.00,0,0
1612047686.048472,s1-eth2,78131.87,4477570.50,4555702.50,4482048,78210,1183.82,1234.77,2418.58,1236,1185,0.00,0.00,0,0
1612047686.048503,s2-eth1,4477570.50,78131.87,4555702.50,78210,4482048,1234.77,1183.82,2418.58,1185,1236,0.00,0.00,0,0
1612047686.048516,lo,0.00,0.00,0.00,0,0,0.00,0.00,0.00,0,0,0.00,0.00,0,0
1612047686.048529,s2-eth2,78131.87,4480529.50,4558661.50,4485010,78210,1183.82,1235.76,2419.58,1237,1185,0.00,0.00,0,0
1612047686.048543,total,13638873.00,13701037.00,27339910.00,13714738,13652512,7244.76,7265.73,14510.49,7273,7252,0.00,0.00,0,0
1612047687.049660,eth0,0.00,0.00,0.00,0,0,0.00,0.00,0.00,0,0,0.00,0.00,0,0
1612047687.049687,s3-eth1,4393111.00,67120.88,4460232.00,67188,4397504,1050.95,1016.98,2067.93,1018,1052,0.00,0.00,0,0
1612047687.049701,s1-eth1,4373712.50,67978.02,4441690.50,68046,4378086,1041.96,1029.97,2071.93,1031,1043,0.00,0.00,0,0
1612047687.049714,s3-eth2,66593.41,4387193.00,4453786.50,4391580,66660,1008.99,1048.95,2057.94,1050,1010,0.00,0.00,0,0
1612047687.049726,s1-eth2,67516.48,4396070.00,4463586.50,4400466,67584,1022.98,1051.95,2074.93,1053,1024,0.00,0.00,0,0
1612047687.049755,s2-eth1,4396070.00,67516.48,4463586.50,67584,4400466,1051.95,1022.98,2074.93,1024,1053,0.00,0.00,0,0
1612047687.049768,lo,0.00,0.00,0.00,0,0,0.00,0.00,0.00,0,0,0.00,0.00,0,0
1612047687.049781,s2-eth2,67120.88,4393111.00,4460232.00,4397504,67188,1016.98,1050.95,2067.93,1052,1018,0.00,0.00,0,0
1612047687.049805,total,13364124.00,13378989.00,26743114.00,13392368,13377488,6193.81,6221.78,12415.58,6228,6200,0.00,0.00,0,0
1612047688.050545,eth0,0.00,0.00,0.00,0,0,0.00,0.00,0.00,0,0,0.00,0.00,0,0
1612047688.050569,s3-eth1,4534140.00,69432.00,4603572.00,69432,4534140,1038.00,1052.00,2090.00,1052,1038,0.00,0.00,0,0
1612047688.050583,s1-eth1,4547700.00,68574.00,4616274.00,68574,4547700,1046.00,1039.00,2085.00,1039,1046,0.00,0.00,0,0
1612047688.050595,s3-eth2,69960.00,4538550.00,4608510.00,4538550,69960,1060.00,1039.00,2099.00,1039,1060,0.00,0.00,0,0
1612047688.050608,s1-eth2,69036.00,4534140.00,4603176.00,4534140,69036,1046.00,1038.00,2084.00,1038,1046,0.00,0.00,0,0
1612047688.050675,s2-eth1,4534140.00,69036.00,4603176.00,69036,4534140,1038.00,1046.00,2084.00,1046,1038,0.00,0.00,0,0
1612047688.050688,lo,0.00,0.00,0.00,0,0,0.00,0.00,0.00,0,0,0.00,0.00,0,0
1612047688.050715,s2-eth2,69432.00,4534140.00,4603572.00,4534140,69432,1052.00,1038.00,2090.00,1038,1052,0.00,0.00,0,0
1612047688.050729,total,13824408.00,13813872.00,27638280.00,13813872,13824408,6280.00,6252.00,12532.00,6252,6280,0.00,0.00,0,0
1612047689.051297,eth0,0.00,0.00,0.00,0,0,0.00,0.00,0.00,0,0,0.00,0.00,0,0
1612047689.051322,s3-eth1,3312202.00,57354.00,3369556.00,57354,3312202,909.00,869.00,1778.00,869,909,0.00,0.00,0,0
1612047689.051335,s1-eth1,3211828.00,57552.00,3269380.00,57552,3211828,902.00,872.00,1774.00,872,902,0.00,0.00,0,0
1612047689.051347,s3-eth2,57354.00,3339912.00,3397266.00,3339912,57354,869.00,912.00,1781.00,912,869,0.00,0.00,0,0
1612047689.051358,s1-eth2,57420.00,3290416.00,3347836.00,3290416,57420,870.00,908.00,1778.00,908,870,0.00,0.00,0,0
1612047689.051386,s2-eth1,3290416.00,57420.00,3347836.00,57420,3290416,908.00,870.00,1778.00,870,908,0.00,0.00,0,0
1612047689.051398,lo,0.00,0.00,0.00,0,0,0.00,0.00,0.00,0,0,0.00,0.00,0,0
1612047689.051419,s2-eth2,57354.00,3312202.00,3369556.00,3312202,57354,869.00,909.00,1778.00,909,869,0.00,0.00,0,0
1612047689.051433,total,9986574.00,10114856.00,20101430.00,10114856,9986574,5327.00,5340.00,10667.00,5340,5327,0.00,0.00,0,0
1612047690.051696,eth0,0.00,0.00,0.00,0,0,0.00,0.00,0.00,0,0,0.00,0.00,0,0
1612047690.051721,s3-eth1,3607998.00,58344.00,3666342.00,58344,3607998,959.00,884.00,1843.00,884,959,0.00,0.00,0,0
1612047690.051734,s1-eth1,3661240.00,59070.00,3720310.00,59070,3661240,932.00,895.00,1827.00,895,932,0.00,0.00,0,0
1612047690.051745,s3-eth2,57882.00,3612738.00,3670620.00,3612738,57882,877.00,965.00,1842.00,965,877,0.00,0.00,0,0
1612047690.051757,s1-eth2,58806.00,3631232.00,3690038.00,3631232,58806,891.00,960.00,1851.00,960,891,0.00,0.00,0,0
1612047690.051785,s2-eth1,3631232.00,58806.00,3690038.00,58806,3631232,960.00,891.00,1851.00,891,960,0.00,0.00,0,0
1612047690.051796,lo,516.00,516.00,1032.00,516,516,9.00,9.00,18.00,9,9,0.00,0.00,0,0
1612047690.051810,s2-eth2,58344.00,3607998.00,3666342.00,3607998,58344,884.00,959.00,1843.00,959,884,0.00,0.00,0,0
1612047690.051823,total,11076018.00,11028704.00,22104722.00,11028704,11076018,5512.00,5563.00,11075.00,5563,5512,0.00,0.00,0,0
1612047691.051966,eth0,0.00,0.00,0.00,0,0,0.00,0.00,0.00,0,0,0.00,0.00,0,0
1612047691.052000,s3-eth1,3276584.00,51876.00,3328460.00,51876,3276584,852.00,786.00,1638.00,786,852,0.00,0.00,0,0
1612047691.052025,s1-eth1,3248866.00,51612.00,3300478.00,51612,3248866,805.00,782.00,1587.00,782,805,0.00,0.00,0,0
1612047691.052048,s3-eth2,51876.00,3259670.00,3311546.00,3259670,51876,786.00,859.00,1645.00,859,786,0.00,0.00,0,0
1612047691.052071,s1-eth2,51810.00,3262760.00,3314570.00,3262760,51810,785.00,840.00,1625.00,840,785,0.00,0.00,0,0
1612047691.052125,s2-eth1,3262760.00,51810.00,3314570.00,51810,3262760,840.00,785.00,1625.00,785,840,0.00,0.00,0,0
1612047691.052148,lo,0.00,0.00,0.00,0,0,0.00,0.00,0.00,0,0,0.00,0.00,0,0
1612047691.052172,s2-eth2,51876.00,3276584.00,3328460.00,3276584,51876,786.00,852.00,1638.00,852,786,0.00,0.00,0,0
1612047691.052198,total,9943772.00,9954312.00,19898084.00,9954312,9943772,4854.00,4904.00,9758.00,4904,4854,0.00,0.00,0,0
1612047692.052931,eth0,0.00,0.00,0.00,0,0,0.00,0.00,0.00,0,0,0.00,0.00,0,0
1612047692.052969,s3-eth1,5279418.00,77616.00,5357034.00,77616,5279418,1141.00,1176.00,2317.00,1176,1141,0.00,0.00,0,0
1612047692.052983,s1-eth1,5204728.00,76824.00,5281552.00,76824,5204728,1216.00,1164.00,2380.00,1164,1216,0.00,0.00,0,0
1612047692.052995,s3-eth2,78210.00,5241634.00,5319844.00,5241634,78210,1185.00,1117.00,2302.00,1117,1185,0.00,0.00,0,0
1612047692.053007,s1-eth2,77022.00,5291992.00,5369014.00,5291992,77022,1167.00,1156.00,2323.00,1156,1167,0.00,0.00,0,0
1612047692.053036,s2-eth1,5291992.00,77022.00,5369014.00,77022,5291992,1156.00,1167.00,2323.00,1167,1156,0.00,0.00,0,0
1612047692.053048,lo,0.00,0.00,0.00,0,0,0.00,0.00,0.00,0,0,0.00,0.00,0,0
1612047692.053061,s2-eth2,77616.00,5279418.00,5357034.00,5279418,77616,1176.00,1141.00,2317.00,1141,1176,0.00,0.00,0,0
1612047692.053075,total,16008986.00,16044506.00,32053492.00,16044506,16008986,7041.00,6921.00,13962.00,6921,7041,0.00,0.00,0,0
1612047693.054173,eth0,0.00,0.00,0.00,0,0,0.00,0.00,0.00,0,0,0.00,0.00,0,0
1612047693.054226,s3-eth1,4968024.00,56109.89,5024134.00,56166,4972992,907.09,850.15,1757.24,851,908,0.00,0.00,0,0
1612047693.054261,s1-eth1,4970719.50,55252.75,5025972.00,55308,4975690,904.10,837.16,1741.26,838,905,0.00,0.00,0,0
1612047693.054294,s3-eth2,56571.43,4950599.50,5007171.00,4955550,56628,857.14,906.09,1763.24,907,858,0.00,0.00,0,0
1612047693.054326,s1-eth2,55714.29,4969273.00,5024987.00,4974242,55770,844.16,904.10,1748.25,905,845,0.00,0.00,0,0
1612047693.054398,s2-eth1,4969273.00,55714.29,5024987.00,55770,4974242,904.10,844.16,1748.25,845,905,0.00,0.00,0,0
1612047693.054430,lo,0.00,0.00,0.00,0,0,0.00,0.00,0.00,0,0,0.00,0.00,0,0
1612047693.054462,s2-eth2,56109.89,4968024.00,5024134.00,4972992,56166,850.15,907.09,1757.24,908,851,0.00,0.00,0,0
1612047693.054576,total,15076412.00,15054973.00,30131386.00,15070028,15091488,5266.73,5248.75,10515.48,5254,5272,0.00,0.00,0,0
1612047694.055056,eth0,0.00,0.00,0.00,0,0,0.00,0.00,0.00,0,0,0.00,0.00,0,0
1612047694.055090,s3-eth1,4560492.00,72270.00,4632762.00,72270,4560492,1174.00,1095.00,2269.00,1095,1174,0.00,0.00,0,0
1612047694.055113,s1-eth1,4579444.00,73326.00,4652770.00,73326,4579444,1154.00,1111.00,2265.00,1111,1154,0.00,0.00,0,0
1612047694.055134,s3-eth2,71676.00,4586952.00,4658628.00,4586952,71676,1086.00,1180.00,2266.00,1180,1086,0.00,0.00,0,0
1612047694.055153,s1-eth2,72798.00,4554634.00,4627432.00,4554634,72798,1103.00,1173.00,2276.00,1173,1103,0.00,0.00,0,0
1612047694.055266,s2-eth1,4554634.00,72798.00,4627432.00,72798,4554634,1173.00,1103.00,2276.00,1103,1173,0.00,0.00,0,0
1612047694.055289,lo,0.00,0.00,0.00,0,0,0.00,0.00,0.00,0,0,0.00,0.00,0,0
1612047694.055312,s2-eth2,72270.00,4560492.00,4632762.00,4560492,72270,1095.00,1174.00,2269.00,1174,1095,0.00,0.00,0,0
1612047694.055337,total,13911314.00,13920472.00,27831786.00,13920472,13911314,6785.00,6836.00,13621.00,6836,6785,0.00,0.00,0,0
1612047695.055568,eth0,0.00,0.00,0.00,0,0,0.00,0.00,0.00,0,0,0.00,0.00,0,0
1612047695.055592,s3-eth1,4396836.00,65868.00,4462704.00,65868,4396836,998.00,998.00,1996.00,998,998,0.00,0.00,0,0
1612047695.055604,s1-eth1,4401246.00,65802.00,4467048.00,65802,4401246,999.00,997.00,1996.00,997,999,0.00,0.00,0,0
1612047695.055616,s3-eth2,65868.00,4396836.00,4462704.00,4396836,65868,998.00,998.00,1996.00,998,998,0.00,0.00,0,0
1612047695.055628,s1-eth2,65868.00,4396836.00,4462704.00,4396836,65868,998.00,998.00,1996.00,998,998,0.00,0.00,0,0
1612047695.055656,s2-eth1,4396836.00,65868.00,4462704.00,65868,4396836,998.00,998.00,1996.00,998,998,0.00,0.00,0,0
1612047695.055668,lo,516.00,516.00,1032.00,516,516,9.00,9.00,18.00,9,9,0.00,0.00,0,0
1612047695.055681,s2-eth2,65868.00,4396836.00,4462704.00,4396836,65868,998.00,998.00,1996.00,998,998,0.00,0.00,0,0
1612047695.055695,total,13393038.00,13388562.00,26781600.00,13388562,13393038,5998.00,5996.00,11994.00,5996,5998,0.00,0.00,0,0
1612047696.056410,eth0,0.00,0.00,0.00,0,0,0.00,0.00,0.00,0,0,0.00,0.00,0,0
1612047696.056432,s3-eth1,4533546.00,67716.00,4601262.00,67716,4533546,1029.00,1026.00,2055.00,1026,1029,0.00,0.00,0,0
1612047696.056455,s1-eth1,4529070.00,67716.00,4596786.00,67716,4529070,1027.00,1026.00,2053.00,1026,1027,0.00,0.00,0,0
1612047696.056467,s3-eth2,67782.00,4529136.00,4596918.00,4529136,67782,1027.00,1028.00,2055.00,1028,1027,0.00,0.00,0,0
1612047696.056479,s1-eth2,67716.00,4529136.00,4596852.00,4529136,67716,1026.00,1028.00,2054.00,1028,1026,0.00,0.00,0,0
1612047696.056508,s2-eth1,4529136.00,67716.00,4596852.00,67716,4529136,1028.00,1026.00,2054.00,1026,1028,0.00,0.00,0,0
1612047696.056520,lo,0.00,0.00,0.00,0,0,0.00,0.00,0.00,0,0,0.00,0.00,0,0
1612047696.056533,s2-eth2,67716.00,4533546.00,4601262.00,4533546,67716,1026.00,1029.00,2055.00,1029,1026,0.00,0.00,0,0
1612047696.056547,total,13794966.00,13794966.00,27589932.00,13794966,13794966,6163.00,6163.00,12326.00,6163,6163,0.00,0.00,0,0
1612047697.057237,eth0,0.00,0.00,0.00,0,0,0.00,0.00,0.00,0,0,0.00,0.00,0,0
1612047697.057260,s3-eth1,4524660.00,67650.00,4592310.00,67650,4524660,1026.00,1025.00,2051.00,1025,1026,0.00,0.00,0,0
1612047697.057274,s1-eth1,4524726.00,67650.00,4592376.00,67650,4524726,1027.00,1025.00,2052.00,1025,1027,0.00,0.00,0,0
1612047697.057286,s3-eth2,67584.00,4524660.00,4592244.00,4524660,67584,1024.00,1026.00,2050.00,1026,1024,0.00,0.00,0,0
1612047697.057298,s1-eth2,67650.00,4524660.00,4592310.00,4524660,67650,1025.00,1026.00,2051.00,1026,1025,0.00,0.00,0,0
1612047697.057338,s2-eth1,4524660.00,67650.00,4592310.00,67650,4524660,1026.00,1025.00,2051.00,1025,1026,0.00,0.00,0,0
1612047697.057350,lo,0.00,0.00,0.00,0,0,0.00,0.00,0.00,0,0,0.00,0.00,0,0
1612047697.057362,s2-eth2,67650.00,4524660.00,4592310.00,4524660,67650,1025.00,1026.00,2051.00,1026,1025,0.00,0.00,0,0
1612047697.057376,total,13776930.00,13776930.00,27553860.00,13776930,13776930,6153.00,6153.00,12306.00,6153,6153,0.00,0.00,0,0
1612047698.058192,eth0,0.00,0.00,0.00,0,0,0.00,0.00,0.00,0,0,0.00,0.00,0,0
1612047698.058217,s3-eth1,4502676.00,67386.00,4570062.00,67386,4502676,1022.00,1021.00,2043.00,1021,1022,0.00,0.00,0,0
1612047698.058230,s1-eth1,4498200.00,67386.00,4565586.00,67386,4498200,1020.00,1021.00,2041.00,1021,1020,0.00,0.00,0,0
1612047698.058242,s3-eth2,67386.00,4502676.00,4570062.00,4502676,67386,1021.00,1022.00,2043.00,1022,1021,0.00,0.00,0,0
1612047698.058254,s1-eth2,67320.00,4498200.00,4565520.00,4498200,67320,1020.00,1020.00,2040.00,1020,1020,0.00,0.00,0,0
1612047698.058284,s2-eth1,4498200.00,67320.00,4565520.00,67320,4498200,1020.00,1020.00,2040.00,1020,1020,0.00,0.00,0,0
1612047698.058295,lo,0.00,0.00,0.00,0,0,0.00,0.00,0.00,0,0,0.00,0.00,0,0
1612047698.058308,s2-eth2,67386.00,4502676.00,4570062.00,4502676,67386,1021.00,1022.00,2043.00,1022,1021,0.00,0.00,0,0
1612047698.058321,total,13701168.00,13705644.00,27406812.00,13705644,13701168,6124.00,6126.00,12250.00,6126,6124,0.00,0.00,0,0
1612047699.058926,eth0,0.00,0.00,0.00,0,0,0.00,0.00,0.00,0,0,0.00,0.00,0,0
1612047699.058947,s3-eth1,4489512.00,67056.00,4556568.00,67056,4489512,1020.00,1016.00,2036.00,1016,1020,0.00,0.00,0,0
1612047699.058960,s1-eth1,4489578.00,67056.00,4556634.00,67056,4489578,1021.00,1016.00,2037.00,1016,1021,0.00,0.00,0,0
1612047699.058972,s3-eth2,67056.00,4489512.00,4556568.00,4489512,67056,1016.00,1020.00,2036.00,1020,1016,0.00,0.00,0,0
1612047699.058984,s1-eth2,67122.00,4498398.00,4565520.00,4498398,67122,1017.00,1023.00,2040.00,1023,1017,0.00,0.00,0,0
1612047699.059013,s2-eth1,4498398.00,67122.00,4565520.00,67122,4498398,1023.00,1017.00,2040.00,1017,1023,0.00,0.00,0,0
1612047699.059025,lo,0.00,0.00,0.00,0,0,0.00,0.00,0.00,0,0,0.00,0.00,0,0
1612047699.059037,s2-eth2,67056.00,4489512.00,4556568.00,4489512,67056,1016.00,1020.00,2036.00,1020,1016,0.00,0.00,0,0
1612047699.059051,total,13678722.00,13678656.00,27357378.00,13678656,13678722,6113.00,6112.00,12225.00,6112,6113,0.00,0.00,0,0
1612047700.059961,eth0,0.00,0.00,0.00,0,0,0.00,0.00,0.00,0,0,0.00,0.00,0,0
1612047700.060027,s3-eth1,3718387.75,56109.89,3774497.50,56166,3722106,844.16,850.15,1694.31,851,845,0.00,0.00,0,0
1612047700.060074,s1-eth1,3718387.75,55714.29,3774102.00,55770,3722106,844.16,844.16,1688.31,845,845,0.00,0.00,0,0
1612047700.060117,s3-eth2,56505.50,3722793.25,3779298.75,3726516,56562,856.14,845.15,1701.30,846,857,0.00,0.00,0,0
1612047700.060188,s1-eth2,55912.09,3722793.25,3778705.50,3726516,55968,847.15,845.15,1692.31,846,848,0.00,0.00,0,0
1612047700.060287,s2-eth1,3722793.25,55912.09,3778705.50,55968,3726516,845.15,847.15,1692.31,848,846,0.00,0.00,0,0
1612047700.060330,lo,515.48,515.48,1030.97,516,516,8.99,8.99,17.98,9,9,0.00,0.00,0,0
1612047700.060377,s2-eth2,56109.89,3722793.25,3778903.25,3726516,56166,850.15,845.15,1695.30,846,851,0.00,0.00,0,0
1612047700.060424,total,11328612.00,11336632.00,22665244.00,11347968,11339940,5095.90,5085.91,10181.82,5091,5101,0.00,0.00,0,0
1612047701.062046,eth0,0.00,0.00,0.00,0,0,0.00,0.00,0.00,0,0,0.00,0.00,0,0
1612047701.062077,s3-eth1,4150628.75,71203.59,4221832.50,71346,4158930,1142.71,1078.84,2221.56,1081,1145,0.00,0.00,0,0
1612047701.062097,s1-eth1,4080209.75,71730.54,4151940.25,71874,4088370,1126.75,1086.83,2213.57,1089,1129,0.00,0.00,0,0
1612047701.062114,s3-eth2,70879.12,4186731.50,4257610.50,4190918,70950,1073.93,1145.85,2219.78,1147,1075,0.00,0.00,0,0
1612047701.062130,s1-eth2,71472.53,4150567.50,4222040.00,4154718,71544,1082.92,1145.85,2228.77,1147,1084,0.00,0.00,0,0
1612047701.062168,s2-eth1,4150567.50,71472.53,4222040.00,71544,4154718,1145.85,1082.92,2228.77,1084,1147,0.00,0.00,0,0
1612047701.062184,lo,0.00,0.00,0.00,0,0,0.00,0.00,0.00,0,0,0.00,0.00,0,0
1612047701.062200,s2-eth2,71274.73,4150369.75,4221644.50,4154520,71346,1079.92,1142.86,2222.78,1144,1081,0.00,0.00,0,0
1612047701.062218,total,12603255.00,12702218.00,25305474.00,12714920,12615858,6654.35,6685.31,13339.66,6692,6661,0.00,0.00,0,0
1612047702.063200,eth0,0.00,0.00,0.00,0,0,0.00,0.00,0.00,0,0,0.00,0.00,0,0
1612047702.063243,s3-eth1,5164441.50,61912.09,5226354.00,61974,5169606,990.01,938.06,1928.07,939,991,0.00,0.00,0,0
1612047702.063261,s1-eth1,5160036.00,61846.16,5221882.50,61908,5165196,989.01,937.06,1926.07,938,990,0.00,0.00,0,0
1612047702.063277,s3-eth2,61978.02,5154447.50,5216425.50,5159602,62040,939.06,992.01,1931.07,993,940,0.00,0.00,0,0
1612047702.063334,s1-eth2,61912.09,5173055.00,5234967.00,5178228,61974,938.06,989.01,1927.07,990,939,0.00,0.00,0,0
1612047702.063519,s2-eth1,5177460.50,61912.09,5239373.00,61974,5182638,990.01,938.06,1928.07,939,991,0.00,0.00,0,0
1612047702.063581,lo,0.00,0.00,0.00,0,0,0.00,0.00,0.00,0,0,0.00,0.00,0,0
1612047702.063597,s2-eth2,62043.96,5168847.50,5230891.50,5174016,62106,940.06,991.01,1931.07,992,941,0.00,0.00,0,0
1612047702.063616,total,15687873.00,15682020.00,31369892.00,15697702,15703560,5786.21,5785.21,11571.43,5791,5792,0.00,0.00,0,0
1612047703.064082,eth0,0.00,0.00,0.00,0,0,0.00,0.00,0.00,0,0,0.00,0.00,0,0
1612047703.064109,s3-eth1,5484490.00,66660.00,5551150.00,66660,5484490,1045.00,1010.00,2055.00,1010,1045,0.00,0.00,0,0
1612047703.064123,s1-eth1,5295986.00,66594.00,5362580.00,66594,5295986,1041.00,1009.00,2050.00,1009,1041,0.00,0.00,0,0
1612047703.064135,s3-eth2,66660.00,5537014.00,5603674.00,5537014,66660,1010.00,1051.00,2061.00,1051,1010,0.00,0.00,0,0
1612047703.064148,s1-eth2,66594.00,5480278.00,5546872.00,5480278,66594,1009.00,1047.00,2056.00,1047,1009,0.00,0.00,0,0
1612047703.064179,s2-eth1,5475868.00,66594.00,5542462.00,66594,5475868,1046.00,1009.00,2055.00,1009,1046,0.00,0.00,0,0
1612047703.064193,lo,0.00,0.00,0.00,0,0,0.00,0.00,0.00,0,0,0.00,0.00,0,0
1612047703.064206,s2-eth2,66528.00,5480080.00,5546608.00,5480080,66528,1008.00,1044.00,2052.00,1044,1008,0.00,0.00,0,0
1612047703.064220,total,16456126.00,16697220.00,33153346.00,16697220,16456126,6159.00,6170.00,12329.00,6170,6159,0.00,0.00,0,0
1612047704.064398,eth0,0.00,0.00,0.00,0,0,0.00,0.00,0.00,0,0,0.00,0.00,0,0
1612047704.064421,s3-eth1,5695304.00,62172.00,5757476.00,62172,5695304,1036.00,942.00,1978.00,942,1036,0.00,0.00,0,0
1612047704.064435,s1-eth1,5641068.00,62106.00,5703174.00,62106,5641068,1026.00,941.00,1967.00,941,1026,0.00,0.00,0,0
1612047704.064447,s3-eth2,62242.00,5683588.00,5745830.00,5683588,62242,943.00,1034.00,1977.00,1034,943,0.00,0.00,0,0
1612047704.064459,s1-eth2,62172.00,5695304.00,5757476.00,5695304,62172,942.00,1036.00,1978.00,1036,942,0.00,0.00,0,0
1612047704.064499,s2-eth1,5695304.00,62172.00,5757476.00,62172,5695304,1036.00,942.00,1978.00,942,1036,0.00,0.00,0,0
1612047704.064512,lo,0.00,0.00,0.00,0,0,0.00,0.00,0.00,0,0,0.00,0.00,0,0
1612047704.064524,s2-eth2,62172.00,5695304.00,5757476.00,5695304,62172,942.00,1036.00,1978.00,1036,942,0.00,0.00,0,0
1612047704.064538,total,17218262.00,17260646.00,34478908.00,17260646,17218262,5925.00,5931.00,11856.00,5931,5925,0.00,0.00,0,0
1612047705.064732,eth0,0.00,0.00,0.00,0,0,0.00,0.00,0.00,0,0,0.00,0.00,0,0
1612047705.064785,s3-eth1,3632830.00,41514.00,3674344.00,41514,3632830,699.00,629.00,1328.00,629,699,0.00,0.00,0,0
1612047705.064812,s1-eth1,3747548.00,41250.00,3788798.00,41250,3747548,682.00,625.00,1307.00,625,682,0.00,0.00,0,0
1612047705.064824,s3-eth2,41976.00,3610652.00,3652628.00,3610652,41976,636.00,714.00,1350.00,714,636,0.00,0.00,0,0
1612047705.064836,s1-eth2,41184.00,3629142.00,3670326.00,3629142,41184,624.00,687.00,1311.00,687,624,0.00,0.00,0,0
1612047705.064864,s2-eth1,3632104.00,41250.00,3673354.00,41250,3632104,688.00,625.00,1313.00,625,688,0.00,0.00,0,0
1612047705.064875,lo,516.00,516.00,1032.00,516,516,9.00,9.00,18.00,9,9,0.00,0.00,0,0
1612047705.064889,s2-eth2,41514.00,3635792.00,3677306.00,3635792,41514,629.00,700.00,1329.00,700,629,0.00,0.00,0,0
1612047705.064902,total,11137672.00,11000116.00,22137788.00,11000116,11137672,3967.00,3989.00,7956.00,3989,3967,0.00,0.00,0,0
1612047706.069764,eth0,0.00,0.00,0.00,0,0,0.00,0.00,0.00,0,0,0.00,0.00,0,0
1612047706.069791,s3-eth1,4327512.50,63486.57,4390999.00,63804,4349150,1169.15,803.98,1973.13,808,1175,0.00,0.00,0,0
1612047706.069809,s1-eth1,4268834.00,62829.85,4331663.50,63144,4290178,1175.12,794.03,1969.15,798,1181,0.00,0.00,0,0
1612047706.069824,s3-eth2,63486.57,4291488.50,4354975.00,4312946,63804,803.98,1147.26,1951.24,1153,808,0.00,0.00,0,0
1612047706.069840,s1-eth2,63289.55,4335373.00,4398662.50,4357050,63606,801.00,1179.10,1980.10,1185,805,0.00,0.00,0,0
1612047706.069971,s2-eth1,4332426.00,63223.88,4395649.50,63540,4354088,1178.11,800.00,1978.11,804,1184,0.00,0.00,0,0
1612047706.069990,lo,0.00,0.00,0.00,0,0,0.00,0.00,0.00,0,0,0.00,0.00,0,0
1612047706.070006,s2-eth2,63486.57,4324565.00,4388051.50,4346188,63804,803.98,1168.16,1972.14,1174,808,0.00,0.00,0,0
1612047706.070024,total,13119035.00,13140967.00,26260002.00,13206672,13184630,5931.34,5892.54,11823.88,5922,5961,0.00,0.00,0,0
1612047707.070389,eth0,0.00,0.00,0.00,0,0,0.00,0.00,0.00,0,0,0.00,0.00,0,0
1612047707.070451,s3-eth1,3022074.00,41398.00,3063472.00,41398,3022074,901.00,573.00,1474.00,573,901,0.00,0.00,0,0
1612047707.070496,s1-eth1,3055164.00,42130.00,3097294.00,42130,3055164,810.00,579.00,1389.00,579,810,0.00,0.00,0,0
1612047707.070537,s3-eth2,41314.00,2948618.00,2989932.00,2948618,41314,573.00,885.00,1458.00,885,573,0.00,0.00,0,0
1612047707.070577,s1-eth2,41924.00,3069070.00,3110994.00,3069070,41924,578.00,911.00,1489.00,911,578,0.00,0.00,0,0
1612047707.070672,s2-eth1,3069070.00,41924.00,3110994.00,41924,3069070,911.00,578.00,1489.00,578,911,0.00,0.00,0,0
1612047707.070713,lo,0.00,0.00,0.00,0,0,0.00,0.00,0.00,0,0,0.00,0.00,0,0
1612047707.070755,s2-eth2,41398.00,3022074.00,3063472.00,3022074,41398,573.00,901.00,1474.00,901,573,0.00,0.00,0,0
1612047707.070800,total,9270944.00,9165214.00,18436158.00,9165214,9270944,4346.00,4427.00,8773.00,4427,4346,0.00,0.00,0,0
1612047708.071753,eth0,0.00,0.00,0.00,0,0,0.00,0.00,0.00,0,0,0.00,0.00,0,0
1612047708.071797,s3-eth1,4713648.50,63422.58,4777071.00,63486,4718362,1019.98,890.11,1910.09,891,1021,0.00,0.00,0,0
1612047708.071824,s1-eth1,5120294.00,63614.39,5183908.00,63678,5125414,1175.82,898.10,2073.93,899,1177,0.00,0.00,0,0
1612047708.071850,s3-eth2,63044.96,4773616.50,4836661.50,4778390,63108,883.12,1029.97,1913.09,1031,884,0.00,0.00,0,0
1612047708.071879,s1-eth2,63424.58,4668413.50,4731838.50,4673082,63488,893.11,1013.99,1907.09,1015,894,0.00,0.00,0,0
1612047708.071940,s2-eth1,4668413.50,63490.51,4731904.00,63554,4673082,1013.99,894.11,1908.09,895,1015,0.00,0.00,0,0
1612047708.071967,lo,337.66,337.66,675.32,338,338,3.00,3.00,5.99,3,3,0.00,0.00,0,0
1612047708.072014,s2-eth2,63488.51,4713648.50,4777137.00,4718362,63552,891.11,1019.98,1911.09,1021,892,0.00,0.00,0,0
1612047708.072052,total,14692652.00,14346544.00,29039196.00,14360890,14707344,5880.12,5749.25,11629.37,5755,5886,0.00,0.00,0,0
1612047709.072463,eth0,0.00,0.00,0.00,0,0,0.00,0.00,0.00,0,0,0.00,0.00,0,0
1612047709.072486,s3-eth1,3418554.00,50076.00,3468630.00,50076,3418554,853.00,758.00,1611.00,758,853,0.00,0.00,0,0
1612047709.072500,s1-eth1,3426054.00,51066.00,3477120.00,51066,3426054,835.00,773.00,1608.00,773,835,0.00,0.00,0,0
1612047709.072513,s3-eth2,49614.00,3418818.00,3468432.00,3418818,49614,751.00,857.00,1608.00,857,751,0.00,0.00,0,0
1612047709.072527,s1-eth2,50538.00,3415328.00,3465866.00,3415328,50538,765.00,848.00,1613.00,848,765,0.00,0.00,0,0
1612047709.072558,s2-eth1,3415328.00,50472.00,3465800.00,50472,3415328,848.00,764.00,1612.00,764,848,0.00,0.00,0,0
1612047709.072591,lo,0.00,0.00,0.00,0,0,0.00,0.00,0.00,0,0,0.00,0.00,0,0
1612047709.072606,s2-eth2,50010.00,3418554.00,3468564.00,3418554,50010,757.00,853.00,1610.00,853,757,0.00,0.00,0,0
1612047709.072624,total,10410098.00,10404314.00,20814412.00,10404314,10410098,4809.00,4853.00,9662.00,4853,4809,0.00,0.00,0,0
1612047710.073358,eth0,0.00,0.00,0.00,0,0,0.00,0.00,0.00,0,0,0.00,0.00,0,0
1612047710.073380,s3-eth1,4946230.00,70092.00,5016322.00,70092,4946230,1051.00,1062.00,2113.00,1062,1051,0.00,0.00,0,0
1612047710.073393,s1-eth1,4920566.00,69168.00,4989734.00,69168,4920566,1057.00,1048.00,2105.00,1048,1057,0.00,0.00,0,0
1612047710.073406,s3-eth2,70488.00,4968214.00,5038702.00,4968214,70488,1068.00,1055.00,2123.00,1055,1068,0.00,0.00,0,0
1612047710.073418,s1-eth2,69696.00,4952220.00,5021916.00,4952220,69696,1056.00,1054.00,2110.00,1054,1056,0.00,0.00,0,0
1612047710.073447,s2-eth1,4952220.00,69696.00,5021916.00,69696,4952220,1054.00,1056.00,2110.00,1056,1054,0.00,0.00,0,0
1612047710.073459,lo,344.00,344.00,688.00,344,344,6.00,6.00,12.00,6,6,0.00,0.00,0,0
1612047710.073473,s2-eth2,70092.00,4946230.00,5016322.00,4946230,70092,1062.00,1051.00,2113.00,1051,1062,0.00,0.00,0,0
1612047710.073487,total,15029636.00,15075964.00,30105600.00,15075964,15029636,6354.00,6332.00,12686.00,6332,6354,0.00,0.00,0,0
1612047711.073632,eth0,0.00,0.00,0.00,0,0,0.00,0.00,0.00,0,0,0.00,0.00,0,0
1612047711.073657,s3-eth1,5068452.00,67056.00,5135508.00,67056,5068452,1038.00,1016.00,2054.00,1016,1038,0.00,0.00,0,0
1612047711.073674,s1-eth1,5046402.00,67056.00,5113458.00,67056,5046402,1033.00,1016.00,2049.00,1016,1033,0.00,0.00,0,0
1612047711.073691,s3-eth2,67056.00,5052260.00,5119316.00,5052260,67056,1016.00,1034.00,2050.00,1034,1016,0.00,0.00,0,0
1612047711.073707,s1-eth2,67056.00,5068452.00,5135508.00,5068452,67056,1016.00,1038.00,2054.00,1038,1016,0.00,0.00,0,0
1612047711.073746,s2-eth1,5068452.00,67056.00,5135508.00,67056,5068452,1038.00,1016.00,2054.00,1016,1038,0.00,0.00,0,0
1612047711.073764,lo,0.00,0.00,0.00,0,0,0.00,0.00,0.00,0,0,0.00,0.00,0,0
1612047711.073781,s2-eth2,67056.00,5068452.00,5135508.00,5068452,67056,1016.00,1038.00,2054.00,1038,1016,0.00,0.00,0,0
1612047711.073799,total,15384474.00,15390332.00,30774806.00,15390332,15384474,6157.00,6158.00,12315.00,6158,6157,0.00,0.00,0,0
1612047712.090335,eth0,0.00,0.00,0.00,0,0,0.00,0.00,0.00,0,0,0.00,0.00,0,0
1612047712.090364,s3-eth1,2470492.25,41915.36,2512407.50,42586,2510020,570.87,634.84,1205.71,645,580,0.00,0.00,0,0
1612047712.090381,s1-eth1,2704882.00,40482.29,2745364.25,41130,2748160,624.02,613.19,1237.20,623,634,0.00,0.00,0,0
1612047712.090396,s3-eth2,42629.92,2399618.25,2442248.00,2438012,43312,645.67,555.12,1200.79,564,656,0.00,0.00,0,0
1612047712.090411,s1-eth2,41131.89,2526919.25,2568051.25,2567350,41790,623.03,583.66,1206.69,593,633,0.00,0.00,0,0
1612047712.090446,s2-eth1,2526919.25,41131.89,2568051.25,41790,2567350,583.66,623.03,1206.69,633,593,0.00,0.00,0,0
1612047712.090461,lo,1330.71,1330.71,2661.42,1352,1352,11.81,11.81,23.62,12,12,0.00,0.00,0,0
1612047712.090478,s2-eth2,41915.36,2470492.25,2512407.50,2510020,42586,634.84,570.87,1205.71,580,645,0.00,0.00,0,0
1612047712.090508,total,7829301.00,7521890.00,15351191.00,7642240,7954570,3693.90,3592.52,7286.42,3650,3753,0.00,0.00,0,0
1612047713.094794,eth0,0.00,0.00,0.00,0,0,0.00,0.00,0.00,0,0,0.00,0.00,0,0
1612047713.094866,s3-eth1,179.28,0.00,179.28,0,180,1.00,0.00,1.00,0,1,0.00,0.00,0,0
1612047713.094908,s1-eth1,358.57,0.00,358.57,0,360,1.99,0.00,1.99,0,2,0.00,0.00,0,0
1612047713.094945,s3-eth2,179.28,0.00,179.28,0,180,1.00,0.00,1.00,0,1,0.00,0.00,0,0
1612047713.094983,s1-eth2,0.00,358.57,358.57,360,0,0.00,1.99,1.99,2,0,0.00,0.00,0,0
1612047713.095079,s2-eth1,358.57,0.00,358.57,0,360,1.99,0.00,1.99,0,2,0.00,0.00,0,0
1612047713.095119,lo,1667.33,1667.33,3334.66,1674,1674,8.96,8.96,17.93,9,9,0.00,0.00,0,0
1612047713.095245,s2-eth2,0.00,179.28,179.28,180,0,0.00,1.00,1.00,1,0,0.00,0.00,0,0
1612047713.095304,total,2743.03,2205.18,4948.21,2214,2754,14.94,11.95,26.89,12,15,0.00,0.00,0,0
1612047714.095924,eth0,0.00,0.00,0.00,0,0,0.00,0.00,0.00,0,0,0.00,0.00,0,0
1612047714.096006,s3-eth1,69.93,359.64,429.57,360,70,1.00,2.00,3.00,2,1,0.00,0.00,0,0
1612047714.096055,s1-eth1,249.75,0.00,249.75,0,250,2.00,0.00,2.00,0,2,0.00,0.00,0,0
1612047714.096097,s3-eth2,359.64,0.00,359.64,0,360,2.00,0.00,2.00,0,2,0.00,0.00,0,0
1612047714.096138,s1-eth2,179.82,69.93,249.75,70,180,1.00,1.00,2.00,1,1,0.00,0.00,0,0
1612047714.096243,s2-eth1,69.93,179.82,249.75,180,70,1.00,1.00,2.00,1,1,0.00,0.00,0,0
1612047714.096287,lo,2347.65,2347.65,4695.30,2350,2350,14.99,14.99,29.97,15,15,0.00,0.00,0,0
1612047714.096346,s2-eth2,359.64,69.93,429.57,70,360,2.00,1.00,3.00,1,2,0.00,0.00,0,0
1612047714.096503,total,3636.36,3026.97,6663.34,3030,3640,23.98,19.98,43.96,20,24,0.00,0.00,0,0
1612047715.097357,eth0,0.00,0.00,0.00,0,0,0.00,0.00,0.00,0,0,0.00,0.00,0,0
1612047715.097427,s3-eth1,0.00,0.00,0.00,0,0,0.00,0.00,0.00,0,0,0.00,0.00,0,0
1612047715.097464,s1-eth1,0.00,0.00,0.00,0,0,0.00,0.00,0.00,0,0,0.00,0.00,0,0
1612047715.097498,s3-eth2,0.00,0.00,0.00,0,0,0.00,0.00,0.00,0,0,0.00,0.00,0,0
1612047715.097533,s1-eth2,0.00,0.00,0.00,0,0,0.00,0.00,0.00,0,0,0.00,0.00,0,0
1612047715.097621,s2-eth1,0.00,0.00,0.00,0,0,0.00,0.00,0.00,0,0,0.00,0.00,0,0
1612047715.097657,lo,0.00,0.00,0.00,0,0,0.00,0.00,0.00,0,0,0.00,0.00,0,0
1612047715.097701,s2-eth2,0.00,0.00,0.00,0,0,0.00,0.00,0.00,0,0,0.00,0.00,0,0
1612047715.097739,total,0.00,0.00,0.00,0,0,0.00,0.00,0.00,0,0,0.00,0.00,0,0
1612047716.100322,eth0,0.00,0.00,0.00,0,0,0.00,0.00,0.00,0,0,0.00,0.00,0,0
1612047716.100376,s3-eth1,0.00,69.86,69.86,70,0,0.00,1.00,1.00,1,0,0.00,0.00,0,0
1612047716.100407,s1-eth1,0.00,0.00,0.00,0,0,0.00,0.00,0.00,0,0,0.00,0.00,0,0
1612047716.100433,s3-eth2,69.86,0.00,69.86,0,70,1.00,0.00,1.00,0,1,0.00,0.00,0,0
1612047716.100461,s1-eth2,69.86,0.00,69.86,0,70,1.00,0.00,1.00,0,1,0.00,0.00,0,0
1612047716.100530,s2-eth1,0.00,69.86,69.86,70,0,0.00,1.00,1.00,1,0,0.00,0.00,0,0
1612047716.100559,lo,674.65,674.65,1349.30,676,676,5.99,5.99,11.98,6,6,0.00,0.00,0,0
1612047716.100597,s2-eth2,69.86,0.00,69.86,0,70,1.00,0.00,1.00,0,1,0.00,0.00,0,0
1612047716.100628,total,884.23,814.37,1698.60,816,886,8.98,7.98,16.97,8,9,0.00,0.00,0,0
1612047717.102140,eth0,0.00,0.00,0.00,0,0,0.00,0.00,0.00,0,0,0.00,0.00,0,0
1612047717.102218,s3-eth1,0.00,0.00,0.00,0,0,0.00,0.00,0.00,0,0,0.00,0.00,0,0
1612047717.102259,s1-eth1,0.00,0.00,0.00,0,0,0.00,0.00,0.00,0,0,0.00,0.00,0,0
1612047717.102298,s3-eth2,0.00,0.00,0.00,0,0,0.00,0.00,0.00,0,0,0.00,0.00,0,0
1612047717.102337,s1-eth2,0.00,0.00,0.00,0,0,0.00,0.00,0.00,0,0,0.00,0.00,0,0
1612047717.102436,s2-eth1,0.00,0.00,0.00,0,0,0.00,0.00,0.00,0,0,0.00,0.00,0,0
1612047717.102476,lo,0.00,0.00,0.00,0,0,0.00,0.00,0.00,0,0,0.00,0.00,0,0
1612047717.102600,s2-eth2,0.00,0.00,0.00,0,0,0.00,0.00,0.00,0,0,0.00,0.00,0,0
1612047717.102655,total,0.00,0.00,0.00,0,0,0.00,0.00,0.00,0,0,0.00,0.00,0,0
1612047718.104279,eth0,0.00,0.00,0.00,0,0,0.00,0.00,0.00,0,0,0.00,0.00,0,0
1612047718.104329,s3-eth1,0.00,0.00,0.00,0,0,0.00,0.00,0.00,0,0,0.00,0.00,0,0
1612047718.104352,s1-eth1,0.00,0.00,0.00,0,0,0.00,0.00,0.00,0,0,0.00,0.00,0,0
1612047718.104373,s3-eth2,0.00,0.00,0.00,0,0,0.00,0.00,0.00,0,0,0.00,0.00,0,0
1612047718.104394,s1-eth2,0.00,0.00,0.00,0,0,0.00,0.00,0.00,0,0,0.00,0.00,0,0
1612047718.104471,s2-eth1,0.00,0.00,0.00,0,0,0.00,0.00,0.00,0,0,0.00,0.00,0,0
1612047718.104492,lo,0.00,0.00,0.00,0,0,0.00,0.00,0.00,0,0,0.00,0.00,0,0
1612047718.104518,s2-eth2,0.00,0.00,0.00,0,0,0.00,0.00,0.00,0,0,0.00,0.00,0,0
1612047718.104541,total,0.00,0.00,0.00,0,0,0.00,0.00,0.00,0,0,0.00,0.00,0,0
1612047719.112842,eth0,0.00,0.00,0.00,0,0,0.00,0.00,0.00,0,0,0.00,0.00,0,0
1612047719.112921,s3-eth1,0.00,69.44,69.44,70,0,0.00,0.99,0.99,1,0,0.00,0.00,0,0
1612047719.112967,s1-eth1,0.00,69.44,69.44,70,0,0.00,0.99,0.99,1,0,0.00,0.00,0,0
1612047719.113007,s3-eth2,69.44,0.00,69.44,0,70,0.99,0.00,0.99,0,1,0.00,0.00,0,0
1612047719.113047,s1-eth2,69.44,0.00,69.44,0,70,0.99,0.00,0.99,0,1,0.00,0.00,0,0
1612047719.113148,s2-eth1,0.00,69.44,69.44,70,0,0.00,0.99,0.99,1,0,0.00,0.00,0,0
1612047719.113190,lo,1005.95,1005.95,2011.90,1014,1014,8.93,8.93,17.86,9,9,0.00,0.00,0,0
1612047719.113328,s2-eth2,69.44,0.00,69.44,0,70,0.99,0.00,0.99,0,1,0.00,0.00,0,0
1612047719.113376,total,1214.29,1214.29,2428.57,1224,1224,11.90,11.90,23.81,12,12,0.00,0.00,0,0
